100
-0.132 5.039 6.412
-4.428 3.365 2.619
-1.432 1.611 7.277
-0.807 0.419 0.520
0.670 -0.460 3.285
-2.564 4.204 10.883
-2.612 0.124 -12.414
2.202 -1.219 4.188
-1.600 0.656 -7.144
2.895 -1.801 3.040
0.422 2.366 6.339
-0.616 -0.105 -3.565
3.339 -0.713 2.084
0.980 -2.371 -9.246
-2.916 -3.510 -33.768
-4.611 0.423 -10.307
-4.699 -2.587 -33.921
-3.854 -0.650 -9.731
0.085 -1.129 -1.319
1.584 -3.544 -9.059
1.783 0.080 9.111
-5.741 3.100 -7.504
-6.406 -0.803 -35.254
-2.087 -3.120 -18.791
-4.950 0.496 -34.743
-4.322 0.420 -9.999
5.236 0.918 29.735
4.576 -5.225 -6.507
2.277 0.317 12.628
-3.973 -0.569 -16.565
4.394 -2.441 18.089
3.116 0.181 4.200
0.015 4.593 6.349
5.266 5.438 41.867
4.676 -5.126 -13.343
-2.200 -7.133 -18.177
6.355 -0.255 5.779
-3.381 -1.983 -34.525
-0.087 6.230 34.290
-3.463 0.792 -0.182
-0.938 -3.034 -7.635
-2.353 -0.377 -1.545
4.164 -1.085 3.408
5.193 1.485 10.744
-2.558 0.986 -7.125
-0.828 -5.944 -14.742
-3.526 -1.094 -22.512
-1.794 1.592 1.905
-4.292 7.762 22.786
-4.716 4.924 -2.447
-7.116 -0.974 -48.483
0.578 -4.205 -4.799
-0.080 1.096 0.435
2.405 -3.748 9.241
-2.341 5.091 19.265
4.348 2.966 42.255
1.667 -1.677 -1.142
1.762 4.639 18.417
-6.250 -3.002 -24.638
-0.492 -5.064 -21.586
-5.473 1.548 -20.039
0.303 2.494 14.543
4.172 -1.901 18.117
7.538 -3.662 24.150
-2.389 -1.590 -21.749
-2.376 -2.895 -24.621
-3.673 1.665 5.122
0.958 -3.078 -7.484
1.103 2.085 9.186
1.506 5.102 39.004
2.446 2.119 8.937
-5.152 0.010 -26.211
2.099 -5.482 -27.731
4.374 -2.770 14.302
-1.622 0.736 -7.572
4.096 -1.190 0.709
1.535 -6.508 -5.861
6.844 0.810 19.677
0.801 -3.455 -19.225
1.543 -0.672 4.953
-4.580 -7.209 -42.833
2.173 -3.494 -6.954
-2.915 3.429 -4.675
-2.020 -2.537 -11.025
2.672 2.200 24.001
0.576 -0.139 -0.005
2.820 5.185 30.714
-0.153 1.140 1.942
-2.715 -4.657 -23.944
-3.859 2.227 -6.394
6.591 3.535 31.160
-0.304 4.785 24.999
-2.143 1.842 0.805
0.684 -2.163 0.020
1.975 1.351 12.660
-1.665 1.477 1.081
-3.633 -2.374 -14.738
-0.411 4.730 33.273
1.235 -4.577 -11.472
-1.316 2.794 2.244
